function out=rundata
%Êý¾Ý¼Ü¹¹

%      Xd      Xdp     Xdpp     Xq     Xqp  
%      Xq      Xqp     Xqpp     Td0p   Td0pp   Tq0p  Tq0pp  Tj
%    P0     Q0    U0
out.gen=[0.90230,0.21480,0.17300,0.57450,0.57450,...
    0.18800,7.4414,0.098200,0.27290,0.27290,6.6100, 1, 0.5, 1];
%          P0 Q0  U0
out.load=[1 0.5 1];